d_x:0.3873065117730035
d_y:-0.2544750366210938
Exposure:1.0
Gain:45.0
Camera Type ('QHY' or 'ASI'):ASI
Test mode:0
Brightness:171
Auto GoTo++:1
Ramdisk:True
volt_alarm:10.9
