d_x:0.3873065117730035
d_y:-0.2544750366210938
Brightness:171
Exposure:1.0
Gain:45.0
Ramdisk:True
Camera:ASI
Flip:right
Array_size:1280x960
Pixel_size:15.4
Drive:scopedog
Test_mode:1
Goto++_mode:0
Lens_focal_length:50
volt_alarm:10.6
